chr10	40000	40000	355.60397
chr10	40000	50000	196.93799
chr10	50000	50000	572.60046
chr10	40000	60000	233.52635
chr10	50000	60000	113.16362
chr10	60000	60000	472.85248
chr10	40000	70000	20.651281
chr10	50000	70000	85.777054
chr10	60000	70000	128.83679
chr10	70000	70000	341.80014
chr10	40000	80000	58.05017
chr10	50000	80000	62.690395
chr10	60000	80000	72.43132
chr10	70000	80000	141.5902
chr10	80000	80000	359.34262
chr10	40000	90000	43.889084
chr10	50000	90000	31.90206
chr10	60000	90000	18.01382
chr10	70000	90000	57.348152
chr10	80000	90000	152.60649
chr10	90000	90000	301.65057
chr10	40000	100000	53.465435
chr10	50000	100000	35.531803
chr10	60000	100000	21.06656
chr10	70000	100000	27.944477
chr10	80000	100000	87.97729
chr10	90000	100000	142.53345
chr10	100000	100000	362.70096
chr10	40000	110000	37.763813
chr10	50000	110000	10.45704
chr10	60000	110000	33.06617
chr10	70000	110000	43.86178
chr10	80000	110000	36.98827
chr10	90000	110000	89.7215
chr10	100000	110000	127.18339
chr10	110000	110000	389.0065
chr10	40000	120000	70.444336
chr10	50000	120000	11.70389
chr10	60000	120000	18.504416
chr10	70000	120000	24.54583
chr10	80000	120000	28.97901
chr10	90000	120000	49.557667
chr10	100000	120000	67.36118
chr10	110000	120000	94.25966
chr10	120000	120000	373.43213
chr10	40000	130000	36.91769
chr10	50000	130000	15.334114
chr10	60000	130000	8.081326
chr10	70000	130000	32.15927
chr10	80000	130000	34.954205
chr10	90000	130000	43.28606
chr10	100000	130000	51.06565
chr10	110000	130000	65.34202
chr10	120000	130000	127.2516
chr10	130000	130000	383.26794
chr10	40000	140000	12.405802
chr10	50000	140000	15.458603
chr10	60000	140000	28.514265
chr10	70000	140000	17.290855
chr10	80000	140000	23.086952
chr10	90000	140000	28.708864
chr10	100000	140000	38.050602
chr10	110000	140000	31.618797
chr10	120000	140000	66.35415
chr10	130000	140000	105.61039
chr10	140000	140000	362.25012
chr10	50000	150000	5.2884283
chr10	60000	150000	12.541892
chr10	70000	150000	13.309305
chr10	80000	150000	17.458973
chr10	90000	150000	21.214176
chr10	100000	150000	25.268702
chr10	110000	150000	22.985855
chr10	120000	150000	39.346542
chr10	130000	150000	39.654427
chr10	140000	150000	115.93144
chr10	150000	150000	351.47363
chr10	40000	160000	13.134884
chr10	60000	160000	4.3128614
chr10	70000	160000	16.01865
chr10	80000	160000	10.292109
chr10	90000	160000	27.964382
chr10	100000	160000	27.252844
chr10	110000	160000	22.31801
chr10	120000	160000	23.417915
chr10	130000	160000	49.090412
chr10	140000	160000	49.48895
chr10	150000	160000	119.92295
chr10	160000	160000	365.3262
chr10	60000	170000	8.527469
chr10	70000	170000	15.836184
chr10	80000	170000	6.359296
chr10	90000	170000	15.625913
chr10	100000	170000	12.885501
chr10	110000	170000	13.789868
chr10	120000	170000	27.781397
chr10	130000	170000	26.961794
chr10	140000	170000	47.566193
chr10	150000	170000	79.50288
chr10	160000	170000	84.89532
chr10	170000	170000	337.13568
chr10	50000	180000	5.28989
chr10	60000	180000	4.181786
chr10	70000	180000	6.6564913
chr10	80000	180000	7.4844847
chr10	90000	180000	9.4311285
chr10	100000	180000	8.042263
chr10	110000	180000	20.287241
chr10	120000	180000	19.678707
chr10	130000	180000	14.543975
chr10	140000	180000	37.32158
chr10	150000	180000	41.03939
chr10	160000	180000	49.393684
chr10	170000	180000	106.033134
chr10	180000	180000	347.56284
chr10	50000	190000	9.567262
chr10	60000	190000	22.689455
chr10	70000	190000	4.012963
chr10	80000	190000	5.6401634
chr10	90000	190000	3.1982024
chr10	100000	190000	10.38942
chr10	110000	190000	17.122643
chr10	120000	190000	15.057641
chr10	130000	190000	13.152071
chr10	140000	190000	27.72304
chr10	150000	190000	37.11179
chr10	160000	190000	28.076118
chr10	170000	190000	61.82087
chr10	180000	190000	103.941734
chr10	190000	190000	416.25995
chr10	40000	200000	12.476035
chr10	60000	200000	4.0965276
chr10	70000	200000	15.215152
chr10	80000	200000	7.331891
chr10	90000	200000	9.238847
chr10	100000	200000	5.6273556
chr10	110000	200000	7.9494505
chr10	120000	200000	10.380192
chr10	130000	200000	11.657007
chr10	140000	200000	16.974596
chr10	150000	200000	33.50223
chr10	160000	200000	44.23922
chr10	170000	200000	23.234377
chr10	180000	200000	72.38482
chr10	190000	200000	94.54953
chr10	200000	200000	333.53513
chr10	50000	210000	8.657521
chr10	60000	210000	3.42199
chr10	70000	210000	12.709811
chr10	80000	210000	5.103846
chr10	90000	210000	10.611659
chr10	100000	210000	4.7007504
chr10	110000	210000	9.960731
chr10	120000	210000	13.625826
chr10	130000	210000	12.983405
chr10	140000	210000	17.451746
chr10	150000	210000	14.552577
chr10	160000	210000	31.18057
chr10	170000	210000	19.408585
chr10	180000	210000	49.268486
chr10	190000	210000	57.716827
chr10	200000	210000	118.46619
chr10	210000	210000	293.21317
chr10	50000	220000	14.220017
chr10	60000	220000	14.988357
chr10	70000	220000	7.952732
chr10	80000	220000	7.824218
chr10	90000	220000	6.338072
chr10	100000	220000	5.1473355
chr10	110000	220000	13.330814
chr10	120000	220000	13.563928
chr10	130000	220000	7.1084337
chr10	140000	220000	10.749214
chr10	150000	220000	15.935116
chr10	160000	220000	16.439135
chr10	170000	220000	32.503757
chr10	180000	220000	33.105156
chr10	190000	220000	32.154438
chr10	200000	220000	54.05035
chr10	210000	220000	113.377594
chr10	220000	220000	366.95312
chr10	50000	230000	8.719953
chr10	60000	230000	6.893333
chr10	70000	230000	7.3151226
chr10	80000	230000	6.1687813
chr10	90000	230000	8.744876
chr10	100000	230000	11.363156
chr10	110000	230000	6.6883726
chr10	120000	230000	11.228796
chr10	130000	230000	6.5385156
chr10	140000	230000	12.084597
chr10	150000	230000	13.530018
chr10	160000	230000	12.794801
chr10	170000	230000	25.298115
chr10	180000	230000	27.067513
chr10	190000	230000	34.675846
chr10	200000	230000	38.668674
chr10	210000	230000	55.37392
chr10	220000	230000	98.025955
chr10	230000	230000	330.9212
chr10	40000	240000	11.682539
chr10	60000	240000	11.507945
chr10	70000	240000	4.070698
chr10	80000	240000	4.577047
chr10	90000	240000	9.732646
chr10	100000	240000	5.2694464
chr10	110000	240000	1.2406421
chr10	120000	240000	2.777141
chr10	130000	240000	8.489912
chr10	140000	240000	7.336146
chr10	150000	240000	15.058289
chr10	160000	240000	18.12367
chr10	170000	240000	16.637424
chr10	180000	240000	10.041634
chr10	190000	240000	30.647085
chr10	200000	240000	28.281101
chr10	210000	240000	35.950035
chr10	220000	240000	52.862106
chr10	230000	240000	102.42053
chr10	240000	240000	376.5103
chr10	50000	250000	4.5418444
chr10	60000	250000	3.590438
chr10	70000	250000	5.715194
chr10	80000	250000	5.355084
chr10	90000	250000	7.085285
chr10	100000	250000	4.9321456
chr10	110000	250000	5.806138
chr10	120000	250000	10.397497
chr10	130000	250000	11.352096
chr10	140000	250000	16.02196
chr10	150000	250000	11.745331
chr10	160000	250000	10.905147
chr10	170000	250000	13.176689
chr10	180000	250000	21.147438
chr10	190000	250000	31.872602
chr10	200000	250000	32.22533
chr10	210000	250000	27.880476
chr10	220000	250000	46.32017
chr10	230000	250000	69.71966
chr10	240000	250000	101.30429
chr10	250000	250000	311.69464
chr10	50000	260000	4.752692
chr10	60000	260000	3.757118
chr10	70000	260000	11.961026
chr10	80000	260000	2.241474
chr10	90000	260000	4.23669
chr10	100000	260000	8.257779
chr10	110000	260000	6.075679
chr10	120000	260000	9.520162
chr10	130000	260000	7.127459
chr10	140000	260000	11.975538
chr10	150000	260000	9.832471
chr10	160000	260000	13.947267
chr10	170000	260000	13.788396
chr10	180000	260000	15.982181
chr10	190000	260000	15.564377
chr10	200000	260000	28.904005
chr10	210000	260000	37.222996
chr10	220000	260000	34.149677
chr10	230000	260000	30.398449
chr10	240000	260000	69.919624
chr10	250000	260000	112.94372
chr10	260000	260000	289.39233
chr10	40000	270000	10.375582
chr10	50000	270000	8.619193
chr10	70000	270000	16.26884
chr10	80000	270000	8.130001
chr10	90000	270000	2.8812761
chr10	100000	270000	9.359879
chr10	110000	270000	6.6110888
chr10	120000	270000	6.166137
chr10	130000	270000	6.4629626
chr10	140000	270000	9.773148
chr10	150000	270000	12.259205
chr10	160000	270000	8.048063
chr10	170000	270000	9.093017
chr10	180000	270000	10.0330305
chr10	190000	270000	18.145676
chr10	200000	270000	13.104636
chr10	210000	270000	26.454803
chr10	220000	270000	24.97249
chr10	230000	270000	24.80795
chr10	240000	270000	46.016846
chr10	250000	270000	45.942696
chr10	260000	270000	117.18405
chr10	270000	270000	302.42926
chr10	40000	280000	10.353037
chr10	60000	280000	6.7988753
chr10	70000	280000	9.018606
chr10	80000	280000	7.098294
chr10	90000	280000	3.8333542
chr10	100000	280000	14.009312
chr10	110000	280000	4.3978157
chr10	120000	280000	8.613835
chr10	130000	280000	2.1496398
chr10	140000	280000	7.5848203
chr10	150000	280000	11.120516
chr10	160000	280000	10.3250265
chr10	170000	280000	11.341573
chr10	180000	280000	11.123589
chr10	190000	280000	12.070831
chr10	200000	280000	19.614243
chr10	210000	280000	20.935806
chr10	220000	280000	19.934584
chr10	230000	280000	26.587677
chr10	240000	280000	25.509365
chr10	250000	280000	49.663105
chr10	260000	280000	54.966824
chr10	270000	280000	130.49606
chr10	280000	280000	305.6377
chr10	40000	290000	20.658335
chr10	50000	290000	4.290318
chr10	60000	290000	3.3916
chr10	70000	290000	1.7995626
chr10	80000	290000	8.093632
chr10	90000	290000	6.692903
chr10	100000	290000	2.7954023
chr10	110000	290000	2.1938381
chr10	120000	290000	9.821686
chr10	130000	290000	7.506393
chr10	140000	290000	5.405238
chr10	150000	290000	13.313851
chr10	160000	290000	8.012061
chr10	170000	290000	13.578508
chr10	180000	290000	13.317531
chr10	190000	290000	6.0215006
chr10	200000	290000	9.78451
chr10	210000	290000	20.887537
chr10	220000	290000	24.860779
chr10	230000	290000	19.208755
chr10	240000	290000	33.59473
chr10	250000	290000	29.538591
chr10	260000	290000	42.874985
chr10	270000	290000	56.960396
chr10	280000	290000	130.81445
chr10	290000	290000	279.0275
chr10	40000	300000	10.603228
chr10	50000	300000	4.404151
chr10	60000	300000	3.481588
chr10	70000	300000	1.8473097
chr10	80000	300000	4.1541886
chr10	90000	300000	5.8889856
chr10	100000	300000	6.6956673
chr10	110000	300000	6.756139
chr10	120000	300000	10.08228
chr10	130000	300000	5.503969
chr10	140000	300000	3.3291917
chr10	150000	300000	5.6946263
chr10	160000	300000	9.3995905
chr10	170000	300000	8.130956
chr10	180000	300000	9.113919
chr10	190000	300000	10.302112
chr10	200000	300000	12.276145
chr10	210000	300000	11.186994
chr10	220000	300000	26.541216
chr10	230000	300000	19.718414
chr10	240000	300000	21.94569
chr10	250000	300000	24.45349
chr10	260000	300000	33.77709
chr10	270000	300000	48.262356
chr10	280000	300000	74.08845
chr10	290000	300000	135.82364
chr10	300000	300000	311.1033
chr10	50000	310000	4.7621217
chr10	80000	310000	4.4918423
chr10	90000	310000	5.30637
chr10	100000	310000	7.2398925
chr10	110000	310000	3.6526396
chr10	120000	310000	9.539049
chr10	130000	310000	5.9513335
chr10	140000	310000	11.999297
chr10	150000	310000	1.2314973
chr10	160000	310000	10.163591
chr10	170000	310000	12.559774
chr10	180000	310000	16.01389
chr10	190000	310000	11.139469
chr10	200000	310000	14.480676
chr10	210000	310000	6.048137
chr10	220000	310000	15.453033
chr10	230000	310000	16.24467
chr10	240000	310000	22.599468
chr10	250000	310000	22.210503
chr10	260000	310000	26.561815
chr10	270000	310000	36.12817
chr10	280000	310000	51.070362
chr10	290000	310000	75.92939
chr10	300000	310000	124.09504
chr10	310000	310000	309.39374
chr10	50000	320000	5.8502436
chr10	70000	320000	2.4538693
chr10	80000	320000	4.1386547
chr10	90000	320000	2.60754
chr10	100000	320000	3.8117888
chr10	110000	320000	8.974501
chr10	120000	320000	8.370483
chr10	130000	320000	7.3111844
chr10	140000	320000	8.844648
chr10	150000	320000	12.103108
chr10	160000	320000	10.925183
chr10	170000	320000	3.0859246
chr10	180000	320000	12.106453
chr10	190000	320000	4.1054354
chr10	200000	320000	16.306988
chr10	210000	320000	9.906811
chr10	220000	320000	6.779992
chr10	230000	320000	12.472814
chr10	240000	320000	18.04617
chr10	250000	320000	15.591712
chr10	260000	320000	27.192553
chr10	270000	320000	18.493034
chr10	280000	320000	38.135895
chr10	290000	320000	44.18474
chr10	300000	320000	47.87691
chr10	310000	320000	74.92789
chr10	320000	320000	364.847
chr10	50000	330000	8.976771
chr10	60000	330000	10.644532
chr10	70000	330000	11.29585
chr10	80000	330000	5.2920527
chr10	90000	330000	5.0013494
chr10	100000	330000	2.9244556
chr10	110000	330000	4.5902386
chr10	120000	330000	3.8531685
chr10	130000	330000	5.609239
chr10	140000	330000	2.261911
chr10	150000	330000	4.642834
chr10	160000	330000	10.77679
chr10	170000	330000	9.470252
chr10	180000	330000	8.127205
chr10	190000	330000	7.349406
chr10	200000	330000	12.510941
chr10	210000	330000	13.301117
chr10	220000	330000	13.524424
chr10	230000	330000	9.56931
chr10	240000	330000	22.365427
chr10	250000	330000	14.952714
chr10	260000	330000	25.034992
chr10	270000	330000	20.809221
chr10	280000	330000	33.977463
chr10	290000	330000	27.307629
chr10	300000	330000	36.73181
chr10	310000	330000	61.66646
chr10	320000	330000	116.84547
chr10	330000	330000	316.22174
chr10	60000	340000	4.578175
chr10	70000	340000	2.4291523
chr10	80000	340000	4.096967
chr10	90000	340000	3.8719125
chr10	100000	340000	6.288989
chr10	110000	340000	4.4420514
chr10	120000	340000	3.314468
chr10	130000	340000	2.8950164
chr10	140000	340000	5.8370385
chr10	150000	340000	13.478847
chr10	160000	340000	16.995214
chr10	170000	340000	7.637102
chr10	180000	340000	8.988381
chr10	190000	340000	4.0640826
chr10	200000	340000	4.402563
chr10	210000	340000	3.6776333
chr10	220000	340000	13.423398
chr10	230000	340000	13.581896
chr10	240000	340000	10.993474
chr10	250000	340000	20.579548
chr10	260000	340000	18.843056
chr10	270000	340000	18.306759
chr10	280000	340000	20.702578
chr10	290000	340000	17.009874
chr10	300000	340000	37.416836
chr10	310000	340000	43.155293
chr10	320000	340000	56.329575
chr10	330000	340000	110.58418
chr10	340000	340000	391.97534
chr10	70000	350000	2.0339394
chr10	80000	350000	3.430408
chr10	90000	350000	7.564593
chr10	100000	350000	3.1594782
chr10	110000	350000	3.7193484
chr10	120000	350000	4.1628265
chr10	130000	350000	9.696037
chr10	140000	350000	6.109221
chr10	150000	350000	13.793872
chr10	160000	350000	14.230165
chr10	170000	350000	11.51024
chr10	180000	350000	7.526009
chr10	190000	350000	7.9400377
chr10	200000	350000	6.1438074
chr10	210000	350000	7.1850276
chr10	220000	350000	2.2478936
chr10	230000	350000	18.609018
chr10	240000	350000	13.8073225
chr10	250000	350000	17.231342
chr10	260000	350000	19.158234
chr10	270000	350000	20.437769
chr10	280000	350000	16.314688
chr10	290000	350000	24.41561
chr10	300000	350000	29.240656
chr10	310000	350000	29.358961
chr10	320000	350000	45.777782
chr10	330000	350000	56.406986
chr10	340000	350000	131.83032
chr10	350000	350000	312.74924
chr10	50000	360000	4.376731
chr10	60000	360000	6.919823
chr10	70000	360000	5.5074253
chr10	80000	360000	2.0641625
chr10	90000	360000	3.9015472
chr10	100000	360000	3.8022745
chr10	110000	360000	2.2380252
chr10	120000	360000	7.5146313
chr10	130000	360000	2.1878808
chr10	140000	360000	7.71975
chr10	150000	360000	4.527337
chr10	160000	360000	5.838168
chr10	170000	360000	10.389
chr10	180000	360000	11.32147
chr10	190000	360000	4.095188
chr10	200000	360000	9.981584
chr10	210000	360000	2.7793357
chr10	220000	360000	9.130143
chr10	230000	360000	9.331261
chr10	240000	360000	15.577898
chr10	250000	360000	13.608696
chr10	260000	360000	7.120229
chr10	270000	360000	15.679845
chr10	280000	360000	9.203397
chr10	290000	360000	21.119007
chr10	300000	360000	23.56451
chr10	310000	360000	23.441452
chr10	320000	360000	35.058086
chr10	330000	360000	39.384945
chr10	340000	360000	58.254745
chr10	350000	360000	118.31003
chr10	360000	360000	346.58344
chr10	70000	370000	6.107533
chr10	80000	370000	1.1445403
chr10	90000	370000	2.1633365
chr10	100000	370000	5.270729
chr10	110000	370000	4.963776
chr10	120000	370000	2.7778172
chr10	130000	370000	2.4262798
chr10	140000	370000	3.6689658
chr10	150000	370000	10.041303
chr10	160000	370000	5.179452
chr10	170000	370000	6.400567
chr10	180000	370000	12.555097
chr10	190000	370000	3.4060605
chr10	200000	370000	8.609386
chr10	210000	370000	4.1095757
chr10	220000	370000	4.499998
chr10	230000	370000	13.4524355
chr10	240000	370000	5.7584395
chr10	250000	370000	11.857643
chr10	260000	370000	11.280105
chr10	270000	370000	13.296992
chr10	280000	370000	16.329967
chr10	290000	370000	13.237509
chr10	300000	370000	13.588735
chr10	310000	370000	28.25621
chr10	320000	370000	16.662058
chr10	330000	370000	43.676464
chr10	340000	370000	57.72979
chr10	350000	370000	69.05342
chr10	360000	370000	132.96375
chr10	370000	370000	338.67868
chr10	70000	380000	1.8044615
chr10	80000	380000	3.0433743
chr10	90000	380000	3.8349273
chr10	100000	380000	3.7373495
chr10	110000	380000	6.5994306
chr10	120000	380000	2.4621058
chr10	130000	380000	1.075261
chr10	140000	380000	4.335962
chr10	150000	380000	3.3375237
chr10	160000	380000	3.4430878
chr10	170000	380000	11.346228
chr10	180000	380000	11.128154
chr10	190000	380000	9.056839
chr10	200000	380000	11.991401
chr10	210000	380000	9.106259
chr10	220000	380000	5.982829
chr10	230000	380000	8.254734
chr10	240000	380000	11.228727
chr10	250000	380000	15.287227
chr10	260000	380000	20.995947
chr10	270000	380000	15.4121065
chr10	280000	380000	11.760119
chr10	290000	380000	16.2457
chr10	300000	380000	18.529713
chr10	310000	380000	21.037601
chr10	320000	380000	19.69112
chr10	330000	380000	28.326172
chr10	340000	380000	31.67576
chr10	350000	380000	42.84363
chr10	360000	380000	81.94385
chr10	370000	380000	127.63023
chr10	380000	380000	287.78867
chr10	40000	390000	10.082633
chr10	50000	390000	4.1879177
chr10	60000	390000	9.93195
chr10	70000	390000	5.269833
chr10	80000	390000	1.9751139
chr10	90000	390000	5.59985
chr10	100000	390000	7.2764864
chr10	110000	390000	5.35369
chr10	120000	390000	5.99204
chr10	130000	390000	7.3272324
chr10	140000	390000	4.2209816
chr10	150000	390000	3.2490199
chr10	160000	390000	11.172615
chr10	170000	390000	6.62721
chr10	180000	390000	3.2499177
chr10	190000	390000	5.877781
chr10	200000	390000	12.734634
chr10	210000	390000	7.9783034
chr10	220000	390000	12.619051
chr10	230000	390000	7.142966
chr10	240000	390000	12.918414
chr10	250000	390000	8.371037
chr10	260000	390000	16.546003
chr10	270000	390000	13.238304
chr10	280000	390000	19.373991
chr10	290000	390000	14.057689
chr10	300000	390000	24.351767
chr10	310000	390000	21.454956
chr10	320000	390000	17.970894
chr10	330000	390000	22.060019
chr10	340000	390000	28.463804
chr10	350000	390000	43.69358
chr10	360000	390000	37.64468
chr10	370000	390000	76.535385
chr10	380000	390000	128.62561
chr10	390000	390000	301.8876
chr10	50000	400000	13.1062
chr10	70000	400000	2.7486808
chr10	80000	400000	4.635879
chr10	90000	400000	1.4604068
chr10	100000	400000	1.4232475
chr10	110000	400000	5.0263553
chr10	120000	400000	3.7504501
chr10	130000	400000	8.189561
chr10	140000	400000	4.953628
chr10	150000	400000	6.778597
chr10	160000	400000	5.24475
chr10	170000	400000	5.185008
chr10	180000	400000	10.170705
chr10	190000	400000	7.6644473
chr10	200000	400000	9.963345
chr10	210000	400000	1.3871286
chr10	220000	400000	4.5567303
chr10	230000	400000	6.9856577
chr10	240000	400000	9.329659
chr10	250000	400000	10.187872
chr10	260000	400000	9.137852
chr10	270000	400000	9.666913
chr10	280000	400000	9.645908
chr10	290000	400000	20.622149
chr10	300000	400000	12.701584
chr10	310000	400000	13.733972
chr10	320000	400000	18.7468
chr10	330000	400000	28.765593
chr10	340000	400000	22.26956
chr10	350000	400000	20.200262
chr10	360000	400000	32.25751
chr10	370000	400000	37.32772
chr10	380000	400000	56.52065
chr10	390000	400000	104.675705
chr10	400000	400000	377.9832
chr10	70000	410000	3.970116
chr10	90000	410000	4.2187395
chr10	100000	410000	6.1670938
chr10	110000	410000	3.629962
chr10	120000	410000	4.0627823
chr10	130000	410000	3.5486302
chr10	140000	410000	1.1924798
chr10	150000	410000	1.2238514
chr10	160000	410000	3.7876835
chr10	170000	410000	6.2408977
chr10	180000	410000	12.241897
chr10	190000	410000	7.749216
chr10	200000	410000	7.1953855
chr10	210000	410000	4.0070577
chr10	220000	410000	8.775481
chr10	230000	410000	6.0539303
chr10	240000	410000	8.983663
chr10	250000	410000	10.510765
chr10	260000	410000	7.6990967
chr10	270000	410000	5.9839773
chr10	280000	410000	8.956462
chr10	290000	410000	8.935812
chr10	300000	410000	12.230536
chr10	310000	410000	7.714372
chr10	320000	410000	6.7693353
chr10	330000	410000	15.580575
chr10	340000	410000	24.124138
chr10	350000	410000	26.932322
chr10	360000	410000	36.46317
chr10	370000	410000	47.17571
chr10	380000	410000	51.769684
chr10	390000	410000	63.965252
chr10	400000	410000	134.9705
chr10	410000	410000	330.7537
chr10	70000	420000	5.659562
chr10	80000	420000	5.3029566
chr10	90000	420000	3.0069926
chr10	100000	420000	5.8609624
chr10	110000	420000	8.049469
chr10	120000	420000	1.2870358
chr10	130000	420000	3.372478
chr10	140000	420000	2.2665715
chr10	150000	420000	2.3262
chr10	160000	420000	3.5996647
chr10	170000	420000	11.8622055
chr10	180000	420000	10.470793
chr10	190000	420000	6.3124704
chr10	200000	420000	3.419105
chr10	210000	420000	6.6642613
chr10	220000	420000	4.169935
chr10	230000	420000	7.6712217
chr10	240000	420000	8.537718
chr10	250000	420000	10.987917
chr10	260000	420000	10.452739
chr10	270000	420000	18.008629
chr10	280000	420000	18.915262
chr10	290000	420000	12.266573
chr10	300000	420000	9.686182
chr10	310000	420000	8.378782
chr10	320000	420000	11.579955
chr10	330000	420000	8.884297
chr10	340000	420000	17.831821
chr10	350000	420000	20.263037
chr10	360000	420000	22.139515
chr10	370000	420000	25.619389
chr10	380000	420000	25.546082
chr10	390000	420000	44.210945
chr10	400000	420000	67.73843
chr10	410000	420000	99.921135
chr10	420000	420000	300.71014
chr10	40000	430000	19.514408
chr10	60000	430000	3.2037947
chr10	70000	430000	1.6999143
chr10	80000	430000	4.7784114
chr10	90000	430000	2.709554
chr10	100000	430000	8.802036
chr10	110000	430000	3.108536
chr10	120000	430000	6.958368
chr10	130000	430000	8.1037
chr10	140000	430000	4.0847445
chr10	150000	430000	5.2402563
chr10	160000	430000	4.3248024
chr10	170000	430000	4.2755394
chr10	180000	430000	12.5800905
chr10	190000	430000	4.740057
chr10	200000	430000	7.1887717
chr10	210000	430000	8.57866
chr10	220000	430000	7.514927
chr10	230000	430000	15.55294
chr10	240000	430000	15.386409
chr10	250000	430000	8.100851
chr10	260000	430000	12.24444
chr10	270000	430000	9.39475
chr10	280000	430000	11.07876
chr10	290000	430000	9.352722
chr10	300000	430000	6.1096473
chr10	310000	430000	10.381236
chr10	320000	430000	8.115736
chr10	330000	430000	18.679504
chr10	340000	430000	12.624838
chr10	350000	430000	21.141659
chr10	360000	430000	23.419064
chr10	370000	430000	24.047115
chr10	380000	430000	18.756365
chr10	390000	430000	30.708298
chr10	400000	430000	37.66177
chr10	410000	430000	62.838585
chr10	420000	430000	106.95995
chr10	430000	430000	245.76886
chr10	50000	440000	5.7324095
chr10	60000	440000	9.063216
chr10	70000	440000	2.404444
chr10	80000	440000	2.70353
chr10	90000	440000	5.1100388
chr10	100000	440000	2.4900084
chr10	110000	440000	4.396869
chr10	120000	440000	3.2807548
chr10	140000	440000	10.110918
chr10	150000	440000	4.447249
chr10	160000	440000	12.234435
chr10	170000	440000	4.5356526
chr10	180000	440000	7.4141297
chr10	190000	440000	2.6818297
chr10	200000	440000	8.715565
chr10	210000	440000	12.134087
chr10	220000	440000	7.9721174
chr10	230000	440000	13.4437475
chr10	240000	440000	14.962275
chr10	250000	440000	7.6388335
chr10	260000	440000	9.325696
chr10	270000	440000	7.248221
chr10	280000	440000	7.2324715
chr10	290000	440000	10.823694
chr10	300000	440000	6.1727085
chr10	310000	440000	16.018625
chr10	320000	440000	8.199503
chr10	330000	440000	16.355999
chr10	340000	440000	8.116911
chr10	350000	440000	14.951912
chr10	360000	440000	23.310253
chr10	370000	440000	14.965917
chr10	380000	440000	31.35357
chr10	390000	440000	29.348213
chr10	400000	440000	38.57533
chr10	410000	440000	38.471333
chr10	420000	440000	69.341034
chr10	430000	440000	101.10744
chr10	440000	440000	298.8778
chr10	40000	450000	11.408038
chr10	50000	450000	4.738437
chr10	70000	450000	1.987525
chr10	80000	450000	2.234751
chr10	90000	450000	3.167987
chr10	100000	450000	4.1165056
chr10	110000	450000	3.6344733
chr10	120000	450000	1.3559438
chr10	130000	450000	7.106081
chr10	140000	450000	4.7758474
chr10	150000	450000	2.4507449
chr10	160000	450000	3.792391
chr10	170000	450000	2.4994617
chr10	180000	450000	8.579978
chr10	190000	450000	11.084067
chr10	200000	450000	2.4014428
chr10	210000	450000	7.021066
chr10	220000	450000	4.3931937
chr10	230000	450000	6.0614543
chr10	240000	450000	5.621767
chr10	250000	450000	10.523828
chr10	260000	450000	8.809903
chr10	270000	450000	6.989983
chr10	280000	450000	9.963993
chr10	290000	450000	4.97051
chr10	300000	450000	11.225259
chr10	310000	450000	12.1376505
chr10	320000	450000	12.199946
chr10	330000	450000	13.519947
chr10	340000	450000	13.418956
chr10	350000	450000	19.10077
chr10	360000	450000	17.240118
chr10	370000	450000	10.121644
chr10	380000	450000	20.932972
chr10	390000	450000	26.200125
chr10	400000	450000	36.441776
chr10	410000	450000	33.993732
chr10	420000	450000	44.811966
chr10	430000	450000	58.22141
chr10	440000	450000	122.19868
chr10	450000	450000	276.6796
chr10	50000	460000	7.984822
chr10	70000	460000	3.3492124
chr10	80000	460000	5.6487255
chr10	90000	460000	1.7794764
chr10	100000	460000	6.9367943
chr10	120000	460000	4.5698485
chr10	130000	460000	5.9872894
chr10	140000	460000	4.0239315
chr10	150000	460000	6.1946883
chr10	160000	460000	2.1302078
chr10	170000	460000	10.529715
chr10	180000	460000	6.1964
chr10	190000	460000	9.338976
chr10	200000	460000	4.0467124
chr10	210000	460000	5.070565
chr10	220000	460000	7.403046
chr10	230000	460000	11.916637
chr10	240000	460000	7.578669
chr10	250000	460000	8.866941
chr10	260000	460000	9.278575
chr10	270000	460000	3.3654115
chr10	280000	460000	3.358099
chr10	290000	460000	8.375892
chr10	300000	460000	5.1588755
chr10	310000	460000	3.7187934
chr10	320000	460000	9.13704
chr10	330000	460000	7.01006
chr10	340000	460000	11.306256
chr10	350000	460000	7.5734205
chr10	360000	460000	10.253512
chr10	370000	460000	5.685385
chr10	380000	460000	18.477123
chr10	390000	460000	11.446369
chr10	400000	460000	17.91086
chr10	410000	460000	18.478523
chr10	420000	460000	36.878643
chr10	430000	460000	49.054947
chr10	440000	460000	55.956272
chr10	450000	460000	116.55938
chr10	460000	460000	377.24384
chr10	70000	470000	2.1353593
chr10	80000	470000	1.200487
chr10	90000	470000	2.2690835
chr10	100000	470000	2.2113478
chr10	110000	470000	3.9048092
chr10	120000	470000	2.9136007
chr10	130000	470000	2.5448797
chr10	140000	470000	3.84831
chr10	150000	470000	5.2660675
chr10	160000	470000	2.7163153
chr10	170000	470000	8.056123
chr10	180000	470000	6.5844035
chr10	190000	470000	4.7634044
chr10	200000	470000	5.160129
chr10	210000	470000	6.4656863
chr10	220000	470000	2.359982
chr10	230000	470000	6.5123115
chr10	240000	470000	6.03992
chr10	250000	470000	5.6533003
chr10	260000	470000	7.098895
chr10	270000	470000	6.437062
chr10	280000	470000	2.1410248
chr10	290000	470000	12.816532
chr10	300000	470000	7.6746764
chr10	310000	470000	11.854965
chr10	320000	470000	5.825507
chr10	330000	470000	13.408223
chr10	340000	470000	10.091949
chr10	350000	470000	13.278622
chr10	360000	470000	6.537338
chr10	370000	470000	13.291059
chr10	380000	470000	11.78047
chr10	390000	470000	16.68084
chr10	400000	470000	16.31348
chr10	410000	470000	15.315771
chr10	420000	470000	21.273428
chr10	430000	470000	26.231474
chr10	440000	470000	42.811283
chr10	450000	470000	67.23723
chr10	460000	470000	131.19249
chr10	470000	470000	334.57785
chr10	40000	480000	11.862236
chr10	70000	480000	2.066656
chr10	80000	480000	8.133038
chr10	90000	480000	4.3921556
chr10	100000	480000	6.420599
chr10	110000	480000	7.558351
chr10	130000	480000	6.157501
chr10	140000	480000	3.7244942
chr10	150000	480000	2.5483184
chr10	160000	480000	3.9433806
chr10	170000	480000	3.898462
chr10	180000	480000	10.196091
chr10	190000	480000	13.83044
chr10	200000	480000	9.988213
chr10	210000	480000	6.2576585
chr10	220000	480000	6.852155
chr10	230000	480000	7.353248
chr10	240000	480000	8.183827
chr10	250000	480000	8.754257
chr10	260000	480000	5.725412
chr10	270000	480000	3.1149776
chr10	280000	480000	5.1803484
chr10	290000	480000	8.269448
chr10	300000	480000	10.611073
chr10	310000	480000	13.768251
chr10	320000	480000	12.685674
chr10	330000	480000	6.488413
chr10	340000	480000	11.162572
chr10	350000	480000	5.8415427
chr10	360000	480000	15.817512
chr10	370000	480000	8.18582
chr10	380000	480000	12.437939
chr10	390000	480000	5.045047
chr10	400000	480000	15.7886095
chr10	410000	480000	19.383923
chr10	420000	480000	16.254454
chr10	430000	480000	27.340385
chr10	440000	480000	29.00371
chr10	450000	480000	42.24097
chr10	460000	480000	55.7905
chr10	470000	480000	101.80488
chr10	480000	480000	301.5237
chr10	40000	490000	10.307211
chr10	60000	490000	6.768781
chr10	70000	490000	7.1829495
chr10	80000	490000	2.0191069
chr10	90000	490000	8.586869
chr10	100000	490000	5.5789204
chr10	110000	490000	4.3783493
chr10	120000	490000	7.350606
chr10	130000	490000	5.350312
chr10	140000	490000	8.629997
chr10	150000	490000	4.428517
chr10	160000	490000	7.99503
chr10	170000	490000	6.7748227
chr10	180000	490000	4.429741
chr10	190000	490000	3.0043504
chr10	200000	490000	2.1697137
chr10	210000	490000	8.15601
chr10	220000	490000	6.946221
chr10	230000	490000	4.5637918
chr10	240000	490000	7.1110067
